1.950000
2.370000
0.830000
0.410000
2.650000
2.090000
1.950000
1.250000
-0.01000
-0.01000
3.630000
7.700000
8.830000
11.680000
-3.93000
-0.15000
-1.69000
7.280000
21.920000
5.170000
2.090000
0.690000
1.530000
-1.97000
-2.95000
-5.06000
-8.58000
-10.2800
-5.06000
-17.3400
-6.04000
-0.01000
0.410000
0.830000
-0.99000
-3.51000
-0.29000
5.170000
8.130000
8.270000
7.420000
6.290000
19.379999
6.430000
-2.39000
-2.11000
0.130000
1.810000
-0.71000
-3.37000
-3.23000
-1.83000
-2.53000
-2.11000
-5.06000
-9.29000
-16.9000
7.420000
-8.44000
-2.25000
-4.35000
-3.37000
0.830000
-0.57000
0.550000
0.410000
-0.99000
-0.43000
-1.97000
0.270000
0.550000
1.110000
2.650000
4.470000
6.150000
3.770000
2.790000
1.810000
3.350000
3.630000
2.650000
6.860000
1.530000
0.550000
-1.55000
-0.43000
0.410000
-0.57000
-1.27000
-0.71000
0.130000
0.550000
0.830000
-0.15000
-0.29000
-2.39000
-2.81000
-11.7000
-7.31000
-3.09000
-0.57000
-76.9899
-17.2000
6.290000
-1.55000
-1.55000
-4.35000
-4.63000
0.410000
1.530000
0.970000
-0.43000
-0.29000
0.410000
2.930000
2.930000
1.950000
-0.43000
-3.51000
-0.99000
1.250000
0.690000
4.050000
4.050000
9.400000
8.410000
8.130000
8.270000
17.020000
4.610000
-0.29000
-2.67000
-1.83000
-0.29000
-1.13000
-3.65000
-3.23000
-1.83000
-2.67000
-0.01000
-3.65000
-5.62000
-6.46000
-5.34000
-16.4599
4.470000
-2.11000
-1.55000
-2.11000
-1.55000
-1.69000
-2.39000
-5.34000
-5.34000
-0.99000
5.450000
10.960000
11.680000
9.830000
7.280000
4.470000
3.490000
1.950000
1.950000
1.810000
0.830000
-0.15000
0.410000
0.690000
1.390000
0.130000
-1.69000
-3.09000
-4.21000
-1.83000
-0.15000
-2.39000
-4.49000
-6.60000
-5.20000
-8.01000
-2.67000
0.970000
-0.71000
-1.55000
-0.57000
-0.99000
-0.01000
-0.71000
-1.27000
-2.39000
-1.83000
1.530000
5.730000
6.430000
4.890000
4.050000
1.670000
-1.13000
1.810000
2.230000
3.910000
5.030000
2.790000
1.670000
1.390000
3.910000
3.770000
-3.65000
-3.23000
-2.11000
-3.09000
-4.21000
2.370000
1.810000
0.690000
2.090000
1.250000
1.250000
1.390000
1.530000
1.250000
1.810000
1.110000
1.530000
1.670000
1.530000
1.390000
1.670000
1.250000
1.810000
1.390000
2.090000
3.350000
0.970000
-4.92000
-4.35000
-0.99000
0.690000
0.550000
-3.37000
-6.74000
-6.60000
-6.88000
-3.93000
-0.01000
0.970000
2.790000
1.390000
2.090000
-0.71000
1.390000
1.110000
0.690000
0.550000
-0.43000
0.130000
-1.97000
3.350000
-2.67000
-0.01000
2.650000
4.470000
5.030000
5.870000
1.810000
3.770000
4.190000
2.090000
2.230000
5.870000
0.830000
-0.99000
1.110000
-0.57000
0.270000
-0.57000
0.270000
0.550000
2.370000
1.110000
-0.85000
-3.09000
-3.23000
-2.81000
-3.37000
-3.79000
-4.35000
-3.93000
-2.53000
-1.83000
1.110000
-7.31000
-0.29000
-0.01000
3.630000
-5.06000
-5.34000
-1.13000
1.110000
-0.15000
-2.53000
-1.97000
-2.11000
-1.27000
-1.13000
-0.15000
-0.57000
-0.29000
-1.13000
-1.13000
-1.97000
-1.27000
-1.13000
-0.85000
-1.13000
-0.71000
-0.57000
-0.57000
-0.57000
-1.13000
-0.71000
-1.41000
-0.99000
-0.99000
-0.99000
-1.27000
-0.71000
-1.13000
-0.71000
-0.85000
-0.85000
-1.13000
-0.85000
-0.85000
-0.43000
-0.85000
-0.85000
-0.85000
-0.85000
-0.71000
-0.85000
-1.13000
-0.85000
-0.99000
-0.85000
-0.71000
-1.13000
-0.99000
-0.85000
-0.85000
-0.71000
-0.71000
-0.71000
-1.55000
-0.85000
-0.85000
-0.71000
-0.71000
-0.71000
-0.71000
-1.13000
-0.71000
-0.85000
-0.99000
-0.99000
-0.71000
-0.85000
-0.71000
-0.43000
-1.69000
-0.99000
-0.71000
-0.85000
-0.71000
-0.99000
-0.85000
-0.85000
-0.85000
-0.99000
-0.99000
-0.99000
-0.85000
-1.13000
-0.99000
-0.99000
-0.71000
-1.13000
-0.85000
-0.71000
-0.99000
-1.97000
-0.85000
-0.71000
-2.53000
-0.71000
-1.13000
-0.85000
-0.85000
-0.85000
-0.99000
-0.85000
-0.99000
-0.71000
-1.83000
-0.71000
-0.85000
-0.85000
-0.85000
-1.27000
-0.71000
-0.99000
-0.99000
-1.27000
-0.85000
-0.85000
-0.71000
-0.85000
-0.71000
-0.85000
-0.85000
-0.85000
-0.71000
-0.99000
-0.99000
-0.85000
-0.85000
-0.71000
-1.83000
-0.99000
-0.71000
-0.85000
-0.57000
-0.85000
-0.85000
-1.13000
-0.85000
-0.85000
-0.85000
-0.99000
-0.57000
-1.13000
-0.85000
-0.57000
-0.85000
-0.85000
-0.85000
-1.27000
-0.71000
-0.85000
-0.71000
-0.85000
-0.71000
-1.27000
-0.99000
-0.85000
-0.85000
-0.71000
-1.13000
-0.71000
-1.13000
-0.85000
-0.57000
-0.99000
-1.27000
-0.71000
-0.99000
-0.85000
-1.69000
-0.99000
-0.99000
-0.99000
-0.43000
-0.85000
-0.85000
-0.99000
-0.71000
-0.99000
